本金	三年内利率	五年内利率	每年利息	每年利息	每年还本	每年还息	每年还息	每年还款总额	每年还款总额
10000	2.40%	3.60%	240	360	60000	360	240	60360	60240
20000	2.40%	3.60%	480	720	60000	720	480	60720	60480
30000	2.40%	3.60%	720	1080	60000	1080	720	61080	60720
40000	2.40%	3.60%	960	1440	60000	1440	960	61440	60960
50000	2.40%	3.60%	1200	1800	60000	1800	1200	61800	61200
60000	2.40%	3.60%	1440	2160	60000	2160	1440	62160	61440
70000	2.40%	3.60%	1680	2520	60000	2520	1680	62520	61680
80000	2.40%	3.60%	1920	2880	60000	2880	1920	62880	61920
90000	2.40%	3.60%	2160	3240	60000	3240	2160	63240	62160
100000	2.40%	3.60%	2400	3600	60000	3600	2400	63600	62400
110000	2.40%	3.60%	2640	3960	60000	3960	2640	63960	62640
120000	2.40%	3.60%	2880	4320	60000	4320	2880	64320	62880
130000	2.40%	3.60%	3120	4680	60000	4680	3120	64680	63120
140000	2.40%	3.60%	3360	5040	60000	5040	3360	65040	63360
150000	2.40%	3.60%	3600	5400	60000	5400	3600	65400	63600
160000	2.40%	3.60%	3840	5760	60000	5760	3840	65760	63840
170000	2.40%	3.60%	4080	6120	60000	6120	4080	66120	64080
180000	2.40%	3.60%	4320	6480	60000	6480	4320	66480	64320
190000	2.40%	3.60%	4560	6840	60000	6840	4560	66840	64560
200000	2.40%	3.60%	4800	7200	60000	7200	4800	67200	64800
210000	2.40%	3.60%	5040	7560	60000	7560	5040	67560	65040
220000	2.40%	3.60%	5280	7920	60000	7920	5280	67920	65280
230000	2.40%	3.60%	5520	8280	60000	8280	5520	68280	65520
240000	2.40%	3.60%	5760	8640	60000	8640	5760	68640	65760
250000	2.40%	3.60%	6000	9000	60000	9000	6000	69000	66000
260000	2.40%	3.60%	6240	9360	60000	9360	6240	69360	66240
270000	2.40%	3.60%	6480	9720	60000	9720	6480	69720	66480
280000	2.40%	3.60%	6720	10080	60000	10080	6720	70080	66720
290000	2.40%	3.60%	6960	10440	60000	10440	6960	70440	66960
300000	2.40%	3.60%	7200	10800	60000	10800	7200	70800	67200
310000	2.40%	3.60%	7440	11160	60000	11160	7440	71160	67440
320000	2.40%	3.60%	7680	11520	60000	11520	7680	71520	67680
330000	2.40%	3.60%	7920	11880	60000	11880	7920	71880	67920
340000	2.40%	3.60%	8160	12240	60000	12240	8160	72240	68160
350000	2.40%	3.60%	8400	12600	60000	12600	8400	72600	68400
360000	2.40%	3.60%	8640	12960	60000	12960	8640	72960	68640
370000	2.40%	3.60%	8880	13320	60000	13320	8880	73320	68880
380000	2.40%	3.60%	9120	13680	60000	13680	9120	73680	69120
390000	2.40%	3.60%	9360	14040	60000	14040	9360	74040	69360
400000	2.40%	3.60%	9600	14400	60000	14400	9600	74400	69600
410000	2.40%	3.60%	9840	14760	60000	14760	9840	74760	69840
420000	2.40%	3.60%	10080	15120	60000	15120	10080	75120	70080
430000	2.40%	3.60%	10320	15480	60000	15480	10320	75480	70320
440000	2.40%	3.60%	10560	15840	60000	15840	10560	75840	70560
450000	2.40%	3.60%	10800	16200	60000	16200	10800	76200	70800
460000	2.40%	3.60%	11040	16560	60000	16560	11040	76560	71040
470000	2.40%	3.60%	11280	16920	60000	16920	11280	76920	71280
480000	2.40%	3.60%	11520	17280	60000	17280	11520	77280	71520
490000	2.40%	3.60%	11760	17640	60000	17640	11760	77640	71760
500000	2.40%	3.60%	12000	18000	60000	18000	12000	78000	72000
510000	2.40%	3.60%	12240	18360	60000	18360	12240	78360	72240
520000	2.40%	3.60%	12480	18720	60000	18720	12480	78720	72480
530000	2.40%	3.60%	12720	19080	60000	19080	12720	79080	72720
540000	2.40%	3.60%	12960	19440	60000	19440	12960	79440	72960
550000	2.40%	3.60%	13200	19800	60000	19800	13200	79800	73200
560000	2.40%	3.60%	13440	20160	60000	20160	13440	80160	73440
570000	2.40%	3.60%	13680	20520	60000	20520	13680	80520	73680
580000	2.40%	3.60%	13920	20880	60000	20880	13920	80880	73920
590000	2.40%	3.60%	14160	21240	60000	21240	14160	81240	74160
600000	2.40%	3.60%	14400	21600	60000	21600	14400	81600	74400
610000	2.40%	3.60%	14640	21960	60000	21960	14640	81960	74640
620000	2.40%	3.60%	14880	22320	60000	22320	14880	82320	74880
630000	2.40%	3.60%	15120	22680	60000	22680	15120	82680	75120
640000	2.40%	3.60%	15360	23040	60000	23040	15360	83040	75360
650000	2.40%	3.60%	15600	23400	60000	23400	15600	83400	75600
660000	2.40%	3.60%	15840	23760	60000	23760	15840	83760	75840
670000	2.40%	3.60%	16080	24120	60000	24120	16080	84120	76080
680000	2.40%	3.60%	16320	24480	60000	24480	16320	84480	76320
690000	2.40%	3.60%	16560	24840	60000	24840	16560	84840	76560
700000	2.40%	3.60%	16800	25200	60000	25200	16800	85200	76800
710000	2.40%	3.60%	17040	25560	60000	25560	17040	85560	77040
720000	2.40%	3.60%	17280	25920	60000	25920	17280	85920	77280
730000	2.40%	3.60%	17520	26280	60000	26280	17520	86280	77520
									
									
730000	0.024	0.036	17520	26280	60000	26280	17520		
670000	0.024	0.036	16080	24120	60000	24120	16080		
610000	0.024	0.036	14640	21960	60000	21960	14640		
550000	0.024	0.036	13200	19800	60000	19800	13200		
490000	0.024	0.036	11760	17640	60000	17640	11760		
430000	0.024	0.036	10320	15480	60000	15480	10320		
370000	0.024	0.036	8880	13320	60000	13320	8880		
310000	0.024	0.036	7440	11160	60000	11160	7440		
250000	0.024	0.036	6000	9000	60000	9000	6000		
190000	0.024	0.036	4560	6840	60000	6840	4560		
130000	0.024	0.036	3120	4680	60000	4680	3120		
70000	0.024	0.036	1680	2520	60000	2520	1680		

1、抵押物：房子
2、芝麻分：良好的信用
3、个人信息
